V1 10.0 1 16
R1 10.0 1 2
R2 10.0 2 3
R3 10.0 3 4
R4 10.0 1 5
R5 10.0 2 6
R6 10.0 3 7
R7 10.0 4 8
R8 10.0 5 6
R9 10.0 6 7
R10 10.0 7 8
R11 10.0 5 9
R12 10.0 6 10
R13 10.0 7 11
R14 10.0 8 12
R15 10.0 9 10
R16 10.0 10 11
R17 10.0 11 12
R18 10.0 9 13
R19 10.0 10 14
R20 10.0 11 15
R21 10.0 12 16
R22 10.0 13 14
R23 10.0 14 15
R24 10.0 15 16
R25 20.0 1 6
R26 20.0 2 7
R27 20.0 3 8
R28 20.0 5 10
R29 20.0 6 11
R30 20.0 7 12
R31 20.0 9 14
R32 20.0 10 15
R33 20.0 11 16
R34 5.0 2 5
R35 5.0 3 6
R36 5.0 6 9
R37 5.0 7 10
R38 5.0 10 13
R39 5.0 11 14